1,ilker,2,7,4,
2,yurdaer,6,8,7,
3,mustafa,2,7,-1,
4,halise,5,10,1,
5,emin,12,11,10,
6,hasan,-1,-1,8,
7,nermin,15,14,2,
8,nermin,-1,9,6,
9,ayşe,-1,-1,-1,
10,cahide,56,-1,5,
11,müzellife,-1,-1,12,
12,salih,-1,-1,11,
13,ömer,1,4,-1,
14,rahime,-1,-1,15,
15,hasan,-1,-1,14,
16,hanife,5,10,17,
17,bilal,20,19,16,
18,yusuf,17,16,-1,
19,aysel,-1,-1,20,
20,ahmet,-1,-1,19,
21,ahmet,6,8,26,
22,yurdagül,6,8,24,
23,arif,6,8,27,
24,cengiz,-1,-1,22,
25,ece,24,22,-1,
26,harika,-1,59,21,
27,güler,-1,28,23,
28,sevim,-1,-1,-1,
29,gözde,23,27,31,
30,beste,23,27,-1,
31,ünal,-1,-1,29,
32,liva,31,29,-1,
33,adem,31,29,-1,
34,ayşe,31,29,-1,
35,papatya,21,26,-1,
36,cengiz,15,14,38,
37,nesrin,15,14,39,
38,ayşe,-1,42,36,
39,ergüven,-1,-1,37,
40,ceren,36,38,-1,
41,selen,36,38,-1,
42,nezihe,-1,-1,-1,
43,gizem,39,37,47,
44,sinem,39,37,48,
45,onur,39,37,49,
46,oğuz,-1,37,50,
47,berkay,-1,55,43,
48,yavuz,-1,-1,44,
49,tülin,-1,60,45,
50,mervi,57,58,46,
51,doruk,46,50,-1,
52,emir,45,49,-1,
53,ege,47,43,-1,
54,ipek,48,44,-1,
55,nebiye,-1,-1,-1,
56,halil,-1,-1,-1,
57,refah,-1,-1,58,
58,filiz,-1,-1,57,
59,muazzez,-1,-1,-1,
60,zübeyde,-1,-1,-1,
61,mehmet,12,11,64,
62,ramazan,12,11,66,
63,ismail,12,11,65,
64,makbule,56,-1,61,
65,saime,-1,-1,63,
66,asiye,-1,-1,62,
67,yasin,61,64,71,
68,tuğba,61,64,69,
69,doğan,-1,-1,68,
70,akif,69,68,-1,
71,gülsen,-1,-1,67,
72,mehmet,67,71,-1,
73,ahmet,67,71,-1,
74,elif,69,68,-1,
